1	30	18334	2	
0	30	20859	1	
0	27	20313	1	
1	29	18979	2	
0	21	12611	4	
0	69	12449	4	
0	29	20099	1	
1	40	21574	1	
0	61	14007	4	
1	46	15702	2	
0	30	19315	2	
1	68	12466	4	
1	42	20805	1	
0	53	17351	1	
1	42	19607	2	
0	66	11892	4	
0	69	14252	3	
1	16	11904	4	
1	51	15210	1	
0	56	16062	3	
1	25	21189	1	
1	35	20128	1	
0	52	17275	1	
0	54	14993	4	
1	58	16386	2	
0	59	14254	4	
0	25	18806	2	
1	39	22292	1	
1	17	12092	3	
1	71	12964	3	
1	43	21304	2	
1	70	11875	4	
0	40	20908	1	
1	28	18564	1	
1	53	16854	2	
0	49	15168	2	
1	44	21410	2	
0	23	12533	4	
0	46	16998	2	
1	69	12330	3	
1	49	15452	2	
0	53	16669	1	
0	31	20747	1	
1	71	14261	3	
0	46	14982	3	
0	46	17064	2	
0	55	15800	3	
0	69	11711	4	
0	33	19526	1	
1	58	14393	3	
1	21	10516	4	
0	17	11132	0	
1	48	15057	2	
0	21	11816	3	
1	15	11098	4	
1	33	20321	2	
0	16	11083	4	
0	60	15657	3	
1	58	15870	2	
0	43	21900	1	
0	39	19522	1	
0	68	12531	3	
1	52	15153	2	
1	53	14561	4	
1	24	12947	3	
1	25	20101	1	
0	35	21621	1	
0	71	11710	3	
0	57	15870	2	
1	27	20745	1	
0	56	14365	4	
0	23	10783	3	
0	47	15349	2	
0	73	14388	3	
1	49	14756	4	
0	71	14426	3	
0	20	12304	4	
1	55	14287	3	
0	56	14541	4	
0	52	16434	2	
1	51	15162	3	
0	49	17243	2	
1	32	18903	2	
0	54	17238	1	
1	50	15133	3	
0	48	15241	3	
0	74	12898	4	
1	56	14415	3	
1	68	11897	4	
0	65	11842	4	
0	20	11367	3	
0	47	15597	3	
1	51	16841	1	
1	60	15214	2	
1	48	14524	4	
1	19	10953	4	
0	73	12243	4	
1	15	11224	3	
1	21	10556	4	
0	67	11973	4	
1	65	13051	4	
0	57	14339	3	
0	51	16414	2	
1	71	13301	4	
0	29	20527	1	
0	32	18149	2	
1	29	19285	1	
0	28	19095	1	
1	32	21028	2	
0	28	20271	1	
0	62	16508	2	
0	49	17431	1	
0	54	15950	2	
1	50	16402	2	
1	22	13315	4	
1	28	20250	2	
0	30	18443	2	
0	26	17691	3	
1	16	11315	3	
1	36	19142	2	
1	32	18887	1	
0	52	15791	2	
0	54	14742	0	
1	74	12215	4	
1	33	18609	1	
1	51	14802	4	
1	19	11055	3	
1	34	20722	1	
1	28	21356	2	
1	26	17683	1	
1	21	10837	4	
0	74	13325	4	
1	69	12013	4	
0	29	17565	2	
0	37	20587	1	
1	35	22252	1	
0	28	20778	2	
1	64	14667	3	
1	33	18280	2	
0	44	19637	2	
1	39	20480	1	
1	58	16768	1	
0	42	21376	1	
1	16	10836	3	
0	70	12219	4	
0	73	13890	4	
0	57	16660	3	
1	41	19535	2	
1	16	11313	0	
0	55	15882	2	
0	58	16330	2	
0	29	17601	1	
0	38	19615	1	
1	15	10525	4	
1	70	12901	4	
1	27	18658	1	
0	40	21154	1	
0	39	19244	1	
0	42	22227	1	
0	64	14432	4	
1	57	16113	2	
1	42	19463	1	
1	41	22406	2	
0	15	11902	4	
1	53	15816	2	
0	17	10677	4	
0	64	16526	1	
1	74	12005	0	
0	48	15430	2	
1	45	15961	2	
1	28	18916	2	
1	59	15688	2	
0	28	19989	2	
1	42	19994	1	
1	34	20321	2	
1	59	14518	3	
0	29	18762	1	
1	33	18227	1	
0	59	16114	2	
1	55	14728	0	
1	39	21305	1	
1	57	15334	1	
1	30	19081	1	
1	59	15930	1	
1	44	19640	2	
1	23	12492	4	
1	43	19557	1	
0	72	11525	4	
1	56	14767	4	
1	57	14826	4	
0	67	13449	4	
1	39	20487	1	
0	63	15540	3	
0	71	13085	0	
1	71	14441	4	
1	72	14304	4	
0	72	12252	4	
1	49	17390	2	
0	41	22210	1	
1	18	11694	4	
0	53	15044	3	
0	23	10749	4	
1	22	13137	3	
1	55	14849	4	
0	43	21348	1	
0	34	18969	2	
1	18	10787	4	
0	74	12346	3	
1	24	12905	4	
1	59	16361	2	
1	24	12389	4	
1	66	13699	3	
1	61	15478	2	
0	72	12263	3	
0	48	16781	2	
0	65	13996	3	
1	56	15022	3	
1	57	16480	2	
0	49	15118	2	
1	15	11186	0	
1	31	20742	1	
1	73	14265	4	
1	73	13663	3	
1	17	10987	3	
1	45	15964	1	
1	16	11763	4	
1	49	15884	1	
1	44	18667	2	
1	39	18649	2	
1	60	15723	3	
1	24	11546	4	
1	42	19688	2	
1	63	16910	2	
0	52	15818	2	
1	72	12118	3	
0	40	21486	2	
0	34	18347	1	
1	63	15444	2	
0	50	16718	2	
1	45	16186	3	
0	29	21442	2	
1	55	16580	2	
1	70	11661	4	
1	40	21546	1	
1	58	16623	1	
1	32	20189	1	
1	54	17106	2	
1	29	18434	1	
1	24	12820	4	
0	17	10974	4	
0	17	11297	4	
1	62	15276	2	
0	73	12674	4	
0	22	12582	4	
1	56	15779	3	
1	22	12336	4	
1	29	19945	1	
0	55	16751	2	
1	41	19145	1	
0	70	14359	4	
1	64	16067	1	
0	25	18930	2	
1	30	20980	2	
1	24	11587	4	
1	54	16089	1	
1	16	11616	4	
1	58	16769	2	
0	26	20736	2	
1	29	18083	2	
1	62	15469	2	
0	15	13168	4	
0	21	11523	3	
0	16	11567	4	
0	45	16536	2	
0	41	19022	2	
0	30	17710	2	
0	55	14391	3	
0	21	13278	3	
1	35	22396	2	
1	51	15791	1	
0	61	16524	2	
0	59	14327	3	
1	55	16831	2	
0	48	14504	4	
0	18	10785	4	
1	63	14021	3	
0	26	17697	2	
0	18	12613	4	
1	55	14696	4	
0	51	16624	2	
1	56	16248	2	
1	54	14566	3	
1	40	20493	3	
1	51	14918	4	
1	23	11295	4	
0	58	16141	1	
1	36	20430	1	
1	44	19213	3	
1	42	19999	1	
0	26	19954	1	
0	20	11149	4	
0	22	11972	4	
1	58	16079	2	
0	58	14388	3	
1	48	14568	3	
1	56	15857	1	
0	16	11609	4	
0	57	14505	3	
1	44	18871	1	
1	36	18867	2	
0	26	20836	1	
1	40	22411	1	
0	47	16856	2	
0	29	20315	1	
1	30	18717	2	
0	30	21004	1	
1	28	20394	1	
1	50	15233	3	
0	31	20759	1	
1	25	17894	1	
0	34	19534	2	
0	35	20165	1	
0	36	21496	1	
0	32	20758	1	
0	41	22458	1	
1	57	14894	4	
0	24	13478	4	
1	59	15426	1	
0	26	18048	1	
1	42	21525	2	
1	39	19615	1	
0	15	13300	4	
1	40	18870	1	
1	51	16524	1	
1	27	20245	1	
1	47	16418	2	
0	44	21757	2	
0	31	19847	2	
0	29	20282	1	
1	38	22094	1	
1	55	15374	2	
0	55	15603	2	
1	54	16993	2	
0	52	15751	1	
0	52	15550	2	
0	41	22273	1	
0	26	21412	1	
1	60	16660	1	
1	61	14901	3	
0	29	17943	1	
1	45	17154	1	
1	29	20745	2	
1	30	21381	1	
0	25	18329	2	
1	64	16881	2	
1	53	16308	2	
0	19	11372	4	
0	17	13279	4	
0	21	11015	3	
1	18	12926	4	
1	29	20749	1	
0	24	10807	4	
0	34	20066	1	
0	60	15750	2	
1	45	17112	1	
1	24	12383	4	
0	33	19172	2	
1	30	19852	1	
0	55	14803	3	
1	24	11344	4	
0	40	19165	1	
1	39	21161	1	
1	43	20096	1	
1	51	17059	2	
1	40	20021	1	
0	47	16651	1	
0	27	20601	2	
1	56	14434	3	
1	40	21567	1	
1	37	21563	1	
1	49	15005	3	
1	51	16313	1	
0	27	21042	2	
1	45	16774	2	
1	56	16776	1	
0	35	22346	1	
0	62	15172	2	
1	29	21048	2	
0	21	12050	4	
1	53	15995	2	
1	35	18714	2	
1	20	13145	4	
1	42	19516	2	
1	64	14545	3	
0	48	16608	1	
1	31	19011	2	
1	19	13292	4	
0	52	16266	2	
1	23	11542	3	
1	36	20219	2	
0	20	11084	4	
1	40	20861	1	
1	56	15209	3	
1	50	14800	3	
0	63	15099	2	
0	29	19975	1	
0	39	22170	2	
1	21	13178	3	
0	22	11943	3	
0	53	14697	4	
0	34	17524	1	
1	21	11019	4	
1	41	19580	1	
1	46	16387	2	
1	27	19463	1	
1	62	16076	1	
0	49	16021	1	
1	51	17129	1	
0	52	15998	3	
0	45	14842	4	
0	32	18858	2	
1	21	10740	3	
1	26	20001	1	
0	19	11531	4	
1	21	13155	3	
0	60	14827	4	
1	55	16638	2	
0	20	11887	3	
0	46	17305	1	
0	42	19606	2	
0	53	17238	1	
1	35	19631	2	
1	38	19585	2	
1	61	16363	2	
0	58	15323	1	
0	43	21472	1	
1	29	18683	1	
1	50	17397	1	
0	64	16433	2	
1	20	11403	3	
1	61	16032	2	
1	34	19582	1	
1	36	21298	2	
0	38	19796	1	
0	46	15660	3	
0	36	20995	1	
0	47	17403	2	
1	43	19633	1	
1	28	18807	2	
0	62	16855	1	
1	60	15559	3	
1	25	18994	1	
0	32	17875	1	
0	17	12094	3	
0	62	16875	2	
1	46	16881	3	
0	20	11499	4	
0	53	15449	2	
1	27	18878	1	
1	20	12804	4	
1	21	13409	4	
0	47	16437	1	
1	25	18287	1	
1	41	19819	1	
0	43	21750	2	
1	32	20596	1	
1	28	18196	2	
0	53	16133	2	
0	39	18914	2	
0	17	12464	4	
0	51	15499	2	
0	15	12852	4	
0	17	11543	0	
1	21	12798	4	
0	22	12160	3	
0	21	11715	4	
0	16	11157	4	
0	47	16183	2	
1	37	20065	2	
1	27	20559	2	
1	18	10669	4	
0	28	17926	1	
1	34	18651	2	
0	28	17843	1	
1	45	15194	2	
1	26	17907	2	
1	50	16163	2	
1	33	20789	1	
0	42	21148	1	
1	44	19098	1	
0	30	19099	1	
0	18	11269	3	
0	22	11793	4	
1	27	17562	1	
0	17	11420	4	
0	44	21436	2	
0	37	18585	2	
0	16	11104	3	
0	15	12989	4	
1	52	15619	2	
0	23	13417	3	
1	22	11955	0	
0	53	14866	4	
0	42	19552	1	
0	42	21577	1	
1	36	21203	1	
1	47	16281	2	
1	47	15708	2	
0	15	12093	4	
0	36	21589	1	
0	45	15417	2	
0	51	15170	2	
1	24	12915	3	
0	51	17226	2	
0	29	17932	2	
1	16	12442	4	
0	26	17841	1	
1	33	17905	2	
1	26	19022	2	
1	19	11545	4	
0	51	15290	2	
1	26	17825	1	
0	16	10801	3	
0	50	17282	1	
0	53	15438	2	
0	34	17697	1	
1	38	18686	1	
1	52	14920	0	
1	39	19027	1	
1	18	11339	4	
1	53	17043	2	
0	23	13457	4	
0	37	19756	1	
0	34	17611	2	
1	46	15701	3	
1	34	17558	1	
0	43	19031	2	
1	34	18661	2	
0	16	11459	3	
0	34	19906	1	
0	28	19644	2	
1	25	17604	1	
1	37	18684	2	
1	16	12938	4	
0	21	10690	3	
0	39	19978	1	
0	31	20741	1	
1	43	22206	1	
1	50	16034	2	
0	27	19087	1	
0	18	11052	0	
1	40	20072	2	
1	15	11715	4	
0	28	18286	2	
1	19	13030	3	
1	41	20955	2	
1	51	14677	4	
0	45	16299	2	
0	18	13432	3	
1	40	19331	1	
0	44	21553	2	
0	32	19342	1	
0	46	17067	1	
1	17	11895	4	
1	51	15169	2	
1	20	12594	0	
1	38	19071	2	
1	50	16684	2	
0	16	11307	4	
0	46	16944	1	
1	21	11985	4	
1	33	20191	1	
0	34	18200	2	
0	49	14659	3	
0	41	19035	1	
0	28	19024	2	
1	32	20058	1	
0	24	12407	4	
0	19	10559	4	
0	50	15972	2	
1	22	13260	4	
0	46	15776	3	
1	24	12345	3	
1	19	11241	3	
0	50	15728	2	
1	24	13092	4	
1	30	17580	2	
1	24	10944	4	
0	47	16752	2	
1	41	22240	1	
1	26	18842	1	
0	47	16576	2	
0	15	12609	3	
0	17	10771	4	
0	29	21345	1	
0	48	16533	2	
1	29	20016	2	
1	28	17618	1	
1	31	18770	1	
0	34	18667	1	
0	40	21986	3	
1	18	12470	4	
1	19	12375	4	
0	45	15446	2	
1	42	20639	2	
0	37	20765	1	
1	49	15520	2	
1	44	20465	1	
1	31	17520	2	
1	17	12192	3	
0	20	13001	4	
1	42	22255	1	
0	15	11036	3	
0	21	12240	4	
0	18	12406	4	
0	51	15336	3	
0	25	19439	1	
0	31	21349	1	
1	51	15903	3	
0	36	20403	2	
1	36	18633	1	
1	22	11848	3	
0	32	21477	1	
0	22	10633	4	
0	29	17531	2	
1	16	10799	4	
1	23	12848	4	
0	27	19436	2	
0	21	10607	4	
1	50	16259	2	
1	38	19541	1	
1	28	17927	1	
1	53	14700	3	
0	51	14514	3	
0	23	12545	3	
0	50	16700	2	
1	37	22194	1	
1	37	22311	2	
0	38	19590	2	
0	26	18998	2	
1	16	10940	3	
0	27	20489	1	
1	16	11893	4	
0	43	18955	1	
1	54	14562	3	
1	21	11739	4	
1	26	19263	1	
0	48	15716	2	
0	15	12825	4	
1	44	19009	2	
1	53	16772	1	
1	38	20487	1	
1	16	12070	4	
1	26	20943	1	
0	45	16475	1	
1	29	19597	2	
1	30	20821	1	
0	29	19262	1	
1	23	13425	4	
1	19	12597	3	
0	40	21615	1	
1	27	19949	2	
1	40	19908	2	
1	30	18712	1	
1	37	19889	3	
0	36	21290	2	
0	15	11790	4	
1	24	11232	4	
1	50	16816	2	
1	47	15947	3	
0	39	20468	1	
0	34	18240	2	
0	33	18867	1	
1	30	18616	1	
0	15	11591	4	
1	21	12561	4	
0	24	12684	4	
0	27	17515	1	
0	29	18725	1	
1	49	15109	1	
1	53	16947	1	
1	44	22345	1	
0	48	14704	3	
1	42	19982	1	
1	43	18575	1	
0	30	18181	2	
1	34	19712	1	
1	33	19969	2	
0	45	16383	2	
0	16	10518	3	
0	35	20540	3	
1	17	12800	3	
1	21	12204	4	
0	42	21109	1	
1	26	21165	1	
1	54	16378	2	
1	28	20569	1	
0	54	16711	1	
1	40	21211	1	
0	21	12492	3	
1	18	12636	3	
1	25	20791	2	
1	54	17379	1	
1	17	13257	4	
0	53	15743	3	
1	28	18892	1	
1	33	21417	1	
1	45	15502	2	
0	35	18780	2	
0	49	14641	3	
1	33	18200	1	
0	32	19874	1	
1	34	20941	1	
1	29	18205	2	
1	54	16448	1	
0	17	10548	4	
1	18	13399	4	
0	20	12420	4	
0	22	12189	4	
0	37	21687	1	
0	40	19353	2	
1	53	15637	2	
0	42	19593	1	
1	31	21226	1	
0	54	17189	1	
1	17	13119	4	
0	27	21498	1	
1	45	15593	2	
0	21	10536	4	
0	15	12216	3	
1	30	20259	1	
1	38	20126	2	
0	28	17976	1	
0	43	20935	2	
0	28	19753	2	
1	44	21269	1	
0	54	16416	1	
1	30	21177	1	
0	19	10966	4	
0	35	22032	1	
0	33	19979	2	
1	34	19778	2	
1	37	20701	2	
1	52	15968	1	
1	47	14699	4	
1	23	12520	4	
0	35	18547	1	
0	37	19249	1	
1	54	16637	2	
0	34	17509	1	
0	22	13244	4	
0	28	17906	2	
0	38	22493	2	
0	24	13447	4	
1	21	11439	3	
1	39	20467	1	
1	36	20441	1	
0	16	12781	4	
0	54	16942	2	
1	28	20083	1	
1	23	12934	4	
0	20	11931	4	
0	31	17966	1	
0	21	11130	3	
1	25	19537	1	
0	25	18640	1	
0	49	15017	2	
1	53	15785	1	
1	32	20628	1	
1	42	20253	1	
1	31	18732	1	
0	54	14848	3	
1	17	13104	4	
1	34	21053	2	
0	41	21298	2	
1	21	11701	3	
1	40	19471	1	
0	16	11267	4	
1	51	16769	1	
1	47	15877	2	
0	28	18414	1	
1	31	18441	2	
0	52	16134	2	
1	50	16011	1	
1	21	13053	3	
0	19	12780	4	
1	23	10829	4	
1	37	19371	1	
1	51	16775	2	
0	34	18339	1	
0	45	16180	2	
0	48	17352	1	
1	34	17895	1	
1	48	15019	2	
0	18	12946	3	
0	44	22249	2	
1	41	18624	1	
0	26	19921	1	
0	18	11444	4	
0	27	21408	1	
0	16	10622	3	
0	52	15859	1	
0	33	17615	1	
0	20	12652	4	
0	30	21194	1	
1	38	18716	1	
1	52	15038	3	
0	29	17922	1	
0	53	14989	3	
1	23	12044	4	
1	33	19526	2	
0	37	20323	1	
0	40	20532	2	
1	46	15188	3	
1	51	16332	2	
1	45	14778	3	
1	26	20908	1	
1	20	11802	4	
0	20	12729	4	
0	22	13497	4	
1	53	15637	2	
1	52	14935	3	
1	18	13042	4	
1	44	22374	1	
0	50	14525	3	
0	27	19482	1	
1	50	16549	2	
1	36	18521	2	
1	42	22248	1	
1	23	10757	3	
1	37	19559	1	
0	46	17303	2	
0	36	20137	1	
1	49	15935	3	
0	24	12562	0	
0	27	20538	2	
1	50	16936	2	
0	21	10642	3	
1	46	16983	2	
0	44	20765	1	
0	34	18360	1	
0	25	19527	1	
1	46	15036	3	
1	21	11004	4	
0	23	13286	4	
1	44	18554	2	
1	40	21030	1	
0	29	20803	1	
1	49	16016	1	
1	33	18944	1	
0	41	19952	2	
1	17	13078	3	
0	52	16027	2	
0	35	18878	1	
1	52	15704	2	
1	26	20812	1	
1	22	13023	4	
1	15	13290	4	
1	29	18396	1	
1	49	17365	2	
0	41	19332	2	
1	49	16277	2	
1	47	16777	2	
1	50	15284	2	
0	16	10567	4	
0	15	12523	3	
0	33	19656	1	
0	38	19261	1	
1	40	20694	1	
0	17	12993	3	
0	15	11816	4	
0	51	14656	3	
1	41	19710	2	
0	34	18928	2	
1	54	17287	2	
0	23	12822	4	
1	22	12114	4	
0	50	16627	3	
1	32	19869	1	
0	40	19113	2	
0	45	14690	3	
0	53	14917	3	
1	39	20447	2	
0	32	20134	2	
1	31	17585	1	
0	35	18881	1	
0	49	17256	1	
0	36	21761	1	
0	19	10892	3	
1	38	19514	1	
1	39	18895	2	
1	45	16012	2	
1	35	18767	1	
0	23	12922	4	
1	23	12925	4	
1	44	19565	1	
1	38	20636	1	
0	37	21630	1	
0	29	20596	1	
1	36	20956	2	
0	49	15089	1	
0	30	20492	2	
0	33	19002	1	
0	50	14778	3	
1	41	21445	2	
1	39	21969	1	
0	48	15168	2	
0	52	15484	3	
0	24	11764	3	
0	24	12035	3	
0	51	16497	3	
1	40	19530	2	
1	44	18679	1	
1	29	21097	1	
0	39	18674	1	
1	17	12819	4	
1	40	19150	1	
1	26	19649	2	
0	39	19435	1	
0	29	18860	2	
1	18	13452	3	
1	24	12631	4	
1	46	15678	2	
0	49	17422	2	
0	43	19473	1	
1	51	15717	3	
1	35	19655	2	
0	51	14963	4	
1	20	11475	4	
0	43	19545	1	
1	20	11470	3	
0	47	14804	4	
0	16	12582	4	
1	32	17989	1	
1	31	19953	1	
0	32	20415	1	
1	40	22443	1	
0	38	20970	1	
0	26	19263	1	
0	48	15165	1	
0	15	12075	4	
0	26	20417	2	
0	54	17224	1	
0	16	12772	4	
1	52	14608	3	
0	18	13089	3	
1	53	15090	2	
1	54	17412	1	
1	32	18054	1	
0	48	15084	2	
1	18	11387	4	
1	51	17109	2	
1	53	15624	2	
0	30	19977	1	
0	50	14679	3	
1	25	18254	2	
0	22	10564	4	
0	15	11586	4	
0	22	13140	4	
0	35	20354	1	
1	35	20753	1	
0	49	14838	4	
1	54	17387	1	
1	25	19870	2	
0	49	16698	2	
1	36	19972	1	
1	36	18902	1	
1	45	15907	2	
1	34	20180	1	
0	34	19539	1	
1	22	11639	3	
0	34	18959	1	
0	24	12443	4	
0	42	18548	2	
0	20	11511	4	
0	17	11290	4	
1	36	22207	2	
1	25	18322	1	
0	52	15460	3	
0	22	11932	4	
1	20	12945	4	
0	39	19766	1	
1	44	21757	1	
1	23	12390	4	
1	54	15191	2	
0	33	20876	1	
1	27	21399	2	
0	51	16185	2	
1	15	12498	3	
1	17	11099	4	
0	47	17103	2	
1	37	22163	2	
0	22	12057	4	
0	48	16310	1	
0	16	12160	4	
0	50	16285	2	
1	38	21420	1	
1	22	12662	4	
1	21	11601	4	
0	26	20644	2	
1	26	19879	1	
1	40	18566	1	
1	45	15396	2	
0	18	13396	4	
1	21	12037	3	
1	49	15467	2	
0	32	20317	2	
1	35	21124	1	
0	37	22174	1	
1	29	21200	2	
1	15	10617	3	
0	24	11500	4	
0	36	22487	2	
1	24	10698	3	
0	26	20893	1	
0	24	12103	4	
0	33	20125	1	
1	19	11424	3	
1	17	10699	4	
1	27	21337	2	
1	39	18607	1	
0	21	11093	3	
0	21	11045	4	
1	52	16739	2	
1	46	14968	4	
1	41	20707	1	
0	24	11803	4	
1	42	22470	2	
1	54	16573	2	
0	18	13309	4	
1	20	11367	4	
0	29	20754	2	
1	46	14847	4	
0	33	18751	1	
0	35	19228	1	
1	38	18537	1	
0	53	15649	3	
0	50	16584	2	
0	52	14807	3	
1	48	14854	4	
0	49	14859	4	
1	33	18741	1	
0	42	22288	2	
1	45	17149	1	
0	20	11039	4	
0	17	11522	3	
1	52	16110	1	
0	37	18989	2	
1	26	17642	1	
0	41	19184	2	
1	47	17368	3	
0	26	18770	1	
1	19	13432	0	
0	25	20543	2	
1	35	22188	2	
0	54	15564	2	
1	40	18536	1	
0	38	19522	1	
1	43	21116	1	
0	22	12169	4	
0	26	19475	1	
0	38	22267	2	
0	34	21300	2	
0	43	18820	1	
0	29	19319	2	
1	34	21370	1	
0	17	11036	3	
1	38	19607	1	
1	26	19885	1	
1	48	14737	3	
0	53	16478	2	
1	29	18898	2	
0	43	18835	2	
1	40	21993	3	
0	45	16803	2	
0	38	19080	2	
1	34	19364	1	
1	27	18490	2	
0	41	19421	1	
1	15	11518	4	
0	53	15586	2	
0	37	19831	1	
1	50	16716	2	
1	35	19233	2	
0	28	17929	2	
1	54	16329	2	
1	23	11880	4	
0	50	14712	3	
1	26	17714	1	
0	52	14531	4	
0	21	10513	4	
0	42	19643	1	
1	32	17820	2	
1	40	18589	1	
0	54	16706	2	
1	48	16891	2	
0	21	11535	3	
1	50	14951	3	
0	15	12233	4	
0	29	19331	1	
1	23	11361	4	
1	48	16044	2	
1	19	12112	4	
1	28	21168	1	
0	42	19622	2	
1	35	21361	1	
0	53	16224	1	
1	22	10868	4	
0	20	12349	4	
1	36	22071	1	
1	20	12957	3	
1	18	12141	4	
1	24	12935	4	
0	37	19908	2	
0	40	19947	1	
1	43	22328	2	
0	24	11749	3	
0	39	20555	1	
1	41	19739	1	
0	24	13102	3	
0	44	21780	1	
1	20	10765	4	
1	40	21094	1	
0	29	21042	2	
0	35	20861	2	
0	31	19752	1	
0	19	10974	3	
0	16	12250	3	
1	44	19627	2	
1	36	21149	1	
0	35	21520	2	
0	15	12410	4	
1	36	18756	1	
0	38	21657	2	
1	32	19597	1	
1	22	12230	4	
0	32	19061	1	
0	20	13129	3	
0	40	21420	2	
0	30	20467	1	
0	37	21728	2	
1	29	20458	1	
0	21	12774	4	
1	33	18341	1	
1	25	20286	2	
0	16	12027	3	
1	39	22200	2	
0	24	12820	4	
1	33	17579	1	
0	27	17912	2	
1	16	13024	0	
1	23	10788	3	
0	25	18004	1	
1	16	11516	4	
1	42	19051	1	
0	27	20574	1	
0	17	12422	3	
0	39	22486	2	
0	36	21216	1	
0	28	19580	1	
1	30	17565	1	
0	34	21092	1	
1	23	10691	4	
0	26	17709	1	
0	19	11895	3	
1	30	19175	2	
1	39	21432	1	
1	42	20245	2	
1	44	22282	2	
1	27	20852	1	
1	29	18434	1	
1	37	21532	2	
1	35	22193	1	
1	24	10940	4	
1	34	19201	2	
0	33	18369	1	
0	43	19292	1	
1	15	10567	4	
0	20	11740	4	
0	36	22219	1	
0	28	19576	1	
0	41	22385	1	
0	19	12558	3	
1	32	20745	2	
0	24	10516	3	
0	20	12065	3	
1	24	13326	3	
0	34	19725	1	
1	31	21191	3	
0	15	10587	4	
0	44	20104	2	
0	32	19335	1	
1	27	17508	1	
0	16	10870	4	
0	26	20623	1	
0	15	12148	4	
1	44	21527	1	
1	28	18497	2	
1	15	13456	3	
0	26	20850	2	
0	20	11852	3	
1	34	18839	1	
1	18	11740	3	
0	35	22477	1	
1	32	18472	2	
0	19	11384	4	
0	17	13312	4	
1	19	12623	3	
1	25	18820	2	
0	19	10693	4	
0	28	19212	1	
1	42	19334	2	
1	34	21326	1	
0	42	21650	2	
0	16	13339	3	
0	27	20511	2	
0	15	12546	3	
0	38	22099	2	
1	30	19319	1	
1	33	20620	2	
1	16	12610	4	
1	32	19466	2	
1	16	10752	3	
0	21	12783	0	
1	31	18633	2	
1	21	11031	4	
1	37	22272	1	
0	32	17508	1	
1	23	13108	4	
1	34	18971	1	
0	24	13327	4	
1	17	11590	4	
0	29	20049	2	
1	37	21512	1	
0	24	10891	4	
0	20	11877	4	
1	36	19912	1	
0	21	10908	4	
1	21	10777	4	
0	25	21480	2	
1	18	12594	4	
1	32	19049	2	
1	16	11820	4	
0	15	10863	3	
1	44	19191	1	
0	29	18296	1	
0	43	22150	2	
1	18	12885	4	
1	41	18744	1	
1	44	21487	1	
1	19	13379	3	
1	16	10747	3	
1	34	19975	1	
1	43	21728	1	
1	24	11743	4	
0	39	20250	1	
0	21	11978	3	
1	15	12253	4	
0	31	17845	1	
0	40	22064	2	
1	22	10782	4	
1	18	10562	4	
0	33	18092	1	
0	17	13440	3	
0	20	10695	3	
1	44	21227	2	
0	30	17627	1	
0	24	10941	4	
1	42	20927	2	
0	25	21462	2	
1	37	20702	1	
1	17	11556	4	
1	31	18588	2	
0	34	17963	1	
1	25	19737	1	
1	33	18206	1	
1	17	11685	3	
0	24	11188	0	
1	28	20925	1	
0	42	20985	1	
1	44	21396	1	
1	31	20490	2	
1	24	11837	4	
0	29	19634	1	
0	35	21089	1	
0	44	22377	1	
1	27	18627	1	
0	19	12164	4	
0	40	21601	2	
0	18	12656	4	
1	25	19904	1	
0	22	11299	0	
1	37	21903	1	
1	18	12174	3	
1	35	20146	1	
1	44	21977	2	
0	38	19273	2	
1	27	17638	1	
1	24	10991	4	
1	43	20582	1	
0	35	20889	1	
1	29	17500	1	
0	18	12961	3	
1	44	19285	2	
0	22	12619	4	
0	44	19544	2	
1	34	19698	1	
0	39	19126	1	
0	18	12459	3	
0	38	19622	2	
0	25	20118	2	
1	43	18614	2	
1	44	20087	2	
0	41	22404	2	
1	33	21427	2	
1	43	18950	2	
0	39	20375	1	
1	43	20320	1	
0	34	20048	2	
1	30	17542	1	
0	42	20940	2	
0	44	20483	2	
0	16	10981	4	
1	20	12169	4	
0	44	21698	1	
0	33	19624	1	
0	15	12868	4	
0	22	12596	4	
1	27	20510	2	
0	40	20981	2	
1	26	20097	2	
1	41	18807	1	
0	36	22299	1	
0	44	20416	2	
1	32	20738	1	
1	15	13211	4	
0	28	19491	1	
0	35	19169	1	
1	22	11402	4	
0	24	11473	3	
1	16	13498	4	
0	39	19885	2	
0	15	12641	4	
1	17	13426	0	
0	19	11400	4	
0	15	12335	4	
0	37	21152	3	
1	24	13241	4	
1	21	12916	4	
1	27	19564	1	
0	42	20691	2	
1	20	12619	3	
1	27	17673	1	
1	25	20553	1	
0	43	19604	1	
0	21	12141	4	
0	37	19346	1	
1	30	19813	1	
0	27	20576	2	
0	27	20854	2	
0	33	20367	1	
1	39	18694	2	
1	27	20622	2	
0	29	18699	2	
1	16	12376	4	
1	21	10772	4	
1	24	11162	3	
0	24	13421	3	
0	22	11713	4	
1	16	12830	4	
0	18	12954	3	
0	17	11120	4	
1	18	11091	4	
0	17	11047	0	
1	20	12419	4	
0	15	12546	4	
0	15	11145	4	
0	23	11758	4	
1	17	10647	4	
1	15	13254	4	
0	22	12636	3	
0	18	11712	4	
0	15	11852	4	
0	18	11774	4	
0	22	11782	4	
1	18	11735	4	
1	16	10624	4	
0	20	12695	4	
0	15	11207	4	
1	15	12309	3	
1	23	12472	4	
0	17	11375	4	
1	19	11669	3	
1	18	11597	4	
1	18	11750	3	
1	16	13371	4	
1	24	11104	4	
0	23	10807	4	
0	23	12110	4	
0	15	10755	4	
0	24	12270	4	
1	17	12202	4	
0	23	10595	4	
0	24	10995	4	
1	15	11987	4	
0	15	11087	4	
0	15	13236	4	
0	24	12224	3	
0	24	10876	4	
1	21	12313	4	
0	22	11227	4	
1	22	10865	4	
1	21	13432	4	
1	16	12743	4	
1	17	12110	3	
0	18	11433	4	
0	16	10746	4	
0	17	12693	4	
0	18	11729	3	
1	19	12222	4	
0	23	12918	0	
0	18	12916	4	
0	22	11382	3	
1	22	11420	4	
0	16	10604	4	
0	19	11944	3	
0	21	11243	3	
0	16	11834	4	
0	15	12513	4	
1	22	10633	3	
0	16	11749	3	
1	21	12952	4	
0	20	11169	3	
0	17	11494	4	
0	22	13041	3	
0	21	13096	4	
1	23	12523	3	
0	17	11236	3	
0	21	11539	4	
0	22	13496	4	
0	15	12659	3	
0	19	11353	4	
0	24	10809	3	
1	15	11325	4	
1	19	11720	4	
1	15	12088	4	
0	21	12427	4	
1	21	13163	4	
0	22	11831	4	
1	19	11306	4	
1	21	13402	4	
1	24	12721	3	
0	15	12624	4	
1	21	13081	4	
1	16	11366	4	
0	24	11238	4	
0	24	11846	4	
0	23	11991	0	
1	20	10993	4	
1	23	12952	4	
1	24	13464	4	
0	16	10925	4	
1	18	11471	4	
1	20	11623	4	
1	15	10910	4	
0	24	11281	4	
0	15	10734	3	
1	24	11234	3	
0	15	11332	4	
1	22	11476	4	
1	22	12034	4	
0	18	11178	3	
1	24	12501	4	
1	19	12643	4	
1	16	12518	3	
0	24	10652	4	
0	17	12126	4	
0	22	10824	4	
0	21	12223	3	
0	16	12213	4	
0	16	12459	3	
0	21	13266	4	
0	19	10753	4	
0	20	12722	0	
0	22	12249	4	
0	21	11335	3	
0	17	10534	4	
0	23	12826	4	
0	16	12987	3	
0	21	11902	4	
0	19	10804	0	
0	19	12076	3	
0	15	11270	4	
0	23	11375	3	
0	19	11517	3	
0	19	12950	4	
0	23	12104	4	
0	18	12827	4	
0	22	11647	3	
0	15	12488	3	
0	17	11731	4	
0	21	12233	4	
0	19	11251	4	
0	24	12826	4	
0	23	12892	3	
0	18	12118	4	
0	23	11292	4	
0	21	10651	4	
0	20	10868	4	
0	24	11978	4	
0	24	12407	4	
0	21	10951	3	
0	20	13313	4	
0	15	12321	3	
0	22	12178	4	
0	15	10577	4	
0	22	10737	3	
0	22	11093	3	
0	24	11587	3	
0	17	12006	4	
0	23	11011	4	
0	24	13156	3	
0	17	12152	3	
0	18	10902	4	
0	22	10680	3	
0	21	13197	3	
0	22	10518	3	
0	21	10874	0	
0	22	12500	4	
0	20	10762	4	
0	17	13024	4	
0	17	12833	3	
0	17	13370	4	
0	15	12729	4	
0	23	12759	4	
0	21	10544	4	
0	19	11534	4	
0	21	10606	4	
0	17	11144	3	
0	21	11200	4	
0	19	10633	4	
0	23	11146	4	
0	19	11227	3	
0	22	12546	4	
0	19	11521	4	
0	21	13386	0	
0	15	11444	3	
0	20	11975	4	
0	21	12642	4	
0	21	11012	4	
0	24	11655	4	
0	19	13224	3	
0	19	12217	4	
0	16	10663	3	
0	16	12929	3	
0	16	10827	3	
0	16	13110	4	
0	21	12805	4	
0	15	12700	4	
0	16	12668	4	
0	19	13339	4	
0	24	11775	4	
0	18	11194	4	
0	17	10502	4	
0	22	10546	4	
0	17	12723	4	
0	19	12492	4	
0	18	12928	3	
0	23	11351	4	
0	21	12225	4	
0	17	12413	4	
0	22	11901	3	
0	17	10756	4	
0	15	10893	4	
0	23	12570	4	
0	21	12435	4	
0	15	11171	4	
0	23	11386	4	
0	21	12988	4	
0	22	12008	4	
0	15	11573	4	
0	17	12594	4	
0	17	12099	3	
0	23	11580	4	
0	21	12610	4	
0	24	12714	4	
0	20	11376	3	
0	24	13450	3	
0	20	11090	4	
0	15	12901	4	
0	20	12948	4	
0	20	10736	4	
0	18	12414	3	
0	24	13476	4	
0	17	12257	4	
0	17	13062	3	
0	24	10630	4	
0	24	11612	4	
0	20	13435	0	
0	17	13354	3	
0	19	10770	3	
0	16	11380	4	
0	18	13208	4	
0	15	12531	4	
0	19	10806	4	
0	22	12570	3	
0	20	12935	3	
0	19	11255	4	
0	18	12397	4	
0	15	11541	4	
0	17	10552	4	
0	21	10521	4	
0	20	12159	3	
0	17	12979	3	
0	15	12752	3	
0	18	10723	3	
0	18	12590	3	
0	15	11048	3	
0	23	10717	3	
0	23	11492	3	
0	20	13304	4	
0	17	12527	4	
0	15	10962	4	
0	18	11572	4	
0	20	11666	4	
0	20	12190	4	
0	15	12364	3	
0	17	11719	4	
0	17	10910	3	
0	24	12948	4	
0	18	12658	4	
0	22	13216	0	
0	19	10818	3	
0	24	11344	3	
0	22	11618	3	
0	21	13144	4	
0	23	11950	4	
0	19	11985	4	
0	20	10820	4	
0	23	11165	4	
0	23	11713	0	
0	21	11500	4	
0	15	10978	4	
0	21	11118	3	
0	24	11035	3	
0	20	11590	4	
0	24	12018	4	
0	20	12941	4	
0	20	12881	4	
0	17	12276	3	
0	22	12432	4	
0	24	12967	3	
0	17	13091	3	
0	24	12943	4	
0	18	11083	4	
0	19	10521	3	
0	24	12531	3	
0	21	12044	4	
0	21	12155	4	
0	21	12154	0	
0	17	10633	4	
0	20	12245	4	
0	19	11078	4	
0	24	13078	3	
0	15	11269	3	
0	21	13459	3	
0	23	11140	4	
0	24	11844	4	
0	19	13002	4	
0	22	11516	4	
0	17	13416	4	
0	23	11993	3	
0	22	12971	4	
0	22	12971	4	
0	22	12600	4	
0	17	10823	0	
0	23	11664	3	
0	20	12841	4	
0	19	12046	4	
0	24	11416	4	
0	20	12550	3	
0	15	12088	4	
0	15	11110	4	
0	23	11751	3	
0	21	12204	3	
0	24	13433	0	
0	19	12006	4	
0	15	11790	3	
0	15	12520	3	
0	20	12908	4	
0	16	10882	4	
0	24	12923	4	
0	21	11125	3	
0	23	12208	4	
0	18	12929	3	
0	19	11689	4	
0	16	11209	0	
0	19	11096	4	
0	16	11659	4	
0	19	12191	3	
0	19	12577	0	
0	17	10670	4	
0	24	13328	4	
0	17	11207	3	
0	21	12479	3	
0	22	10570	4	
0	23	11157	4	
0	23	11206	4	
0	24	12494	3	
0	20	10830	3	
0	18	10625	4	
0	15	12209	4	
0	15	12081	4	
0	16	11903	4	
0	16	11428	3	
0	18	12275	3	
0	16	12186	3	
0	18	12729	4	
0	15	11070	4	
0	20	11403	4	
0	18	11447	4	
0	18	11770	4	
0	24	12113	4	
0	24	12717	4	
0	22	12197	3	
0	19	11455	4	
0	23	11853	4	
0	19	12063	3	
0	16	12100	4	
0	20	12638	4	
0	19	12850	3	
0	16	11786	4	
0	17	12996	4	
0	17	12995	4	
0	17	12691	3	
0	22	12676	4	
0	22	12635	4	
0	15	10862	4	
0	19	11857	4	
0	21	11991	3	
0	24	10548	4	
0	24	11996	4	
0	24	11274	4	
0	20	12259	4	
0	23	12741	3	
0	22	12280	4	
0	17	12342	4	
0	23	11336	4	
0	17	13318	3	
0	23	12641	4	
0	23	12929	4	
0	24	11896	4	
0	21	10518	4	
0	15	11933	4	
0	15	12516	3	
0	23	11412	4	
0	17	10619	3	
0	18	12029	4	
0	20	12284	3	
0	18	13177	4	
0	21	12930	4	
0	17	12566	4	
0	19	13294	3	
0	17	11162	3	
0	17	12394	3	
0	23	12516	4	
0	22	11280	3	
0	20	13102	4	
0	17	11022	0	
0	21	11250	4	
0	17	12330	4	
0	21	12923	3	
0	16	12198	4	
0	15	13495	3	
0	20	11365	3	
0	23	11159	3	
0	16	13326	3	
0	18	12339	4	
0	18	12876	3	
0	21	12971	4	
0	21	10803	4	
0	15	10630	4	
0	15	12819	4	
0	18	11035	4	
0	20	13051	4	
0	22	10800	3	
0	19	11317	4	
0	20	13289	3	
0	19	11823	3	
0	16	11885	4	
0	20	12040	4	
0	18	12897	4	
0	20	11650	4	
0	19	13204	4	
0	17	11359	4	
0	17	13325	4	
0	20	10820	4	
0	23	10996	4	
0	18	13129	4	
0	21	12130	4	
0	23	12006	4	
0	15	11336	3	
0	16	12820	4	
0	19	11600	4	
0	19	13309	4	
0	22	11866	4	
0	19	12709	4	
0	19	12298	4	
0	16	12869	3	
0	17	12538	4	
0	22	11624	3	
0	23	11349	4	
0	20	11068	3	
0	18	12986	4	
0	18	12804	4	
0	17	12318	4	
0	24	12104	4	
0	17	10979	4	
0	20	12750	4	
0	20	11161	3	
0	22	11658	4	
0	16	11066	4	
0	19	13348	4	
0	15	12128	4	
0	23	11257	4	
0	21	10993	3	
0	18	12692	3	
0	24	11885	4	
0	19	12736	3	
0	16	10694	4	
0	16	11675	4	
0	19	12848	4	
0	19	12587	4	
0	22	11873	4	
0	20	10992	3	
0	20	12497	3	
0	21	12598	3	
0	21	12503	0	
0	23	13492	4	
0	21	13323	4	
0	24	11504	3	
0	15	11616	4	
0	15	10673	3	
0	21	13164	4	
0	16	11716	4	
0	17	12159	4	
0	19	11099	4	
0	18	12686	4	
0	23	13445	3	
0	18	12983	3	
0	20	12961	3	
0	15	12794	3	
0	24	11653	3	
0	22	10716	4	
0	15	12968	4	
0	17	13099	4	
0	19	13118	3	
0	20	11543	4	
0	16	11421	4	
0	24	11203	4	
0	16	12004	4	
0	16	10780	4	
0	18	11532	4	
0	21	12351	4	
0	15	13054	4	
0	24	11990	3	
0	16	12111	4	
0	15	11408	3	
0	24	13116	3	
0	24	11716	3	
0	23	11797	0	
0	16	13430	3	
0	21	11936	4	
0	23	11507	4	
0	15	10973	4	
0	18	12801	4	
0	22	13366	4	
0	22	11964	3	
0	21	10960	3	
0	20	11713	4	
0	21	11450	3	
0	23	11243	4	
0	15	13220	4	
0	22	11545	4	
0	21	13079	4	
0	24	13295	4	
0	15	12445	4	
0	15	11071	4	
0	18	12914	4	
0	17	12469	4	
0	24	11623	3	
0	16	11800	3	
0	17	12186	4	
0	22	11628	4	
0	19	12742	3	
0	24	12704	3	
0	24	11101	3	
0	24	12714	3	
0	17	13491	4	
0	24	10960	4	
0	24	12029	3	
0	24	11441	3	
0	20	11505	4	
0	16	13107	3	
0	17	12552	0	
0	15	13491	4	
0	20	11232	4	
0	15	12878	4	
0	20	11800	4	
0	23	11998	0	
0	16	11998	3	
0	22	13067	3	
0	18	10702	4	
0	19	10998	3	
0	17	11865	0	
0	19	11722	4	
0	24	13429	4	
0	24	10736	3	
0	22	10886	4	
0	24	11552	4	
0	21	12923	4	
0	18	13255	4	
0	22	10806	4	
0	21	11421	4	
0	20	12164	4	
0	21	11430	4	
0	18	12800	4	
0	22	11893	4	
0	16	11154	4	
0	22	12136	4	
0	16	12081	4	
0	16	10956	3	
0	17	10566	4	
0	20	12191	4	
0	20	11398	4	
0	22	10645	4	
0	21	11911	4	
0	24	11908	4	
0	18	11023	4	
0	15	11447	0	
0	20	10867	4	
0	23	11252	4	
0	21	12681	3	
0	15	11344	3	
0	18	10573	4	
0	19	10526	4	
0	24	11764	4	
0	22	12312	0	
0	17	12383	4	
0	23	11404	4	
0	15	13108	3	
0	15	11922	3	
0	21	12141	4	
0	16	12278	3	
0	15	12605	4	
0	16	10536	4	
0	24	12490	3	
0	24	10947	3	
0	15	12560	4	
0	24	12650	3	
0	18	12316	4	
0	18	12902	4	
0	22	12647	4	
0	19	10624	0	
0	15	12356	4	
0	17	11980	4	
0	19	10556	4	
0	19	12065	4	
0	23	11015	4	
0	15	12555	4	
0	22	12804	4	
0	15	10907	3	
0	23	11607	3	
0	16	10832	4	
0	19	13438	4	
0	21	12306	4	
0	22	13389	0	
0	16	12564	4	
0	17	12943	4	
0	15	12277	3	
0	23	12028	4	
0	21	10862	0	
0	22	13149	4	
0	22	13315	4	
0	19	10786	4	
0	22	11914	4	
0	21	11235	4	
0	17	12958	3	
0	16	13004	4	
0	15	12512	4	
0	17	10872	3	
0	16	13073	4	
0	22	12023	4	
0	24	11087	4	
0	22	12560	0	
0	23	12265	4	
0	17	10649	3	
0	24	10725	4	
0	21	10702	4	
0	21	10739	4	
0	19	13253	3	
0	23	12992	4	
0	21	11185	4	
0	17	12560	4	
0	16	11507	3	
0	20	12198	4	
0	22	12314	4	
0	16	13327	3	
0	19	11003	4	
0	17	11428	3	
0	17	12730	4	
0	22	11841	4	
0	16	11524	3	
0	17	11568	3	
0	24	13225	4	
0	15	13294	4	
0	19	12535	4	
0	15	10873	3	
0	21	10520	0	
0	19	10994	4	
0	16	12075	3	
0	23	12013	4	
0	16	10913	4	
0	18	12482	4	
0	24	11214	3	
0	23	12535	4	
