179 30 6 80000
202 57 8 100000
188 66 10 35000
203 61 7 45000
197 66 12 65000
193 96 12 55000
154 43 10 45000
162 30 4 50000
191 106 3 20000
156 55 6 95000
196 75 11 70000
148 68 12 15000
144 38 7 30000
186 95 12 20000
193 86 6 15000
158 110 12 25000
159 43 9 100000
192 30 3 95000
165 109 12 0
220 63 5 30000
219 107 10 30000
204 42 11 45000
197 128 6 5000
180 87 12 25000
211 42 4 100000
163 123 1 80000
218 116 4 30000
188 39 6 65000
151 42 8 40000
162 62 7 10000
188 39 4 55000
200 58 5 5000
163 105 9 45000
148 118 2 40000
159 121 8 35000
172 58 8 35000
190 44 6 90000
146 91 11 10000
149 83 7 30000
159 73 6 90000
179 55 3 65000
201 84 10 70000
191 44 2 30000
143 85 2 30000
220 68 10 35000
171 94 12 40000
179 111 8 10000
217 58 7 20000
219 78 3 10000
145 121 11 25000
151 93 8 100000
169 120 5 40000
203 69 7 85000
157 111 4 85000
213 69 12 40000
188 31 9 20000
207 129 7 90000
191 36 3 65000
150 118 6 20000
172 42 8 45000
213 88 5 10000
155 88 2 70000
180 69 8 25000
186 48 3 95000
175 118 9 10000
196 61 5 40000
178 52 2 95000
212 40 11 50000
164 121 5 80000
155 109 6 60000
173 54 4 50000
220 112 9 5000
157 72 9 85000
162 72 10 95000
182 30 2 100000
170 119 6 60000
170 79 2 90000
204 47 1 45000
191 108 2 15000
151 103 3 0
179 31 9 30000
215 128 9 10000
141 102 9 50000
213 49 10 75000
174 30 12 50000
203 100 2 20000
157 41 4 15000
220 96 10 60000
146 105 7 50000
193 90 10 60000
198 128 12 45000
214 52 10 60000
198 115 8 5000
187 126 9 65000
147 82 5 25000
168 102 5 55000
159 117 7 5000
176 100 2 65000
204 98 2 40000
218 84 10 60000
181 40 5 90000
174 105 7 50000
147 113 6 100000
147 79 5 95000
192 91 7 30000
190 78 7 100000
210 103 7 65000
161 106 7 15000
174 73 7 45000
151 68 11 30000
157 42 6 5000
208 121 5 20000
181 93 9 100000
193 108 11 20000
183 102 11 100000
168 130 8 90000
155 80 3 15000
169 124 9 95000
154 127 5 15000
172 101 5 15000
215 119 12 30000
159 94 10 65000
165 113 3 50000
208 60 5 100000
167 127 7 80000
170 86 10 45000
201 45 3 100000
204 97 5 0
174 45 9 5000
160 32 3 35000
200 125 2 65000
152 81 7 90000
214 105 6 5000
149 35 9 90000
154 95 5 90000
201 111 6 15000
185 126 7 25000
204 70 10 40000
194 39 1 45000
167 123 8 15000
217 96 9 25000
165 69 10 55000
191 84 6 20000
197 48 3 80000
204 108 2 60000
190 119 11 75000
190 116 6 55000
156 110 7 50000
209 77 10 30000
172 95 2 20000
200 34 10 30000
166 37 12 75000
186 57 2 15000
161 106 11 80000
171 40 7 95000
160 88 5 20000
143 111 4 15000
211 128 11 55000
184 128 2 10000
173 68 10 15000
202 64 12 65000
176 87 9 20000
162 100 4 85000
152 110 12 5000
213 105 7 90000
154 69 8 65000
151 69 1 40000
184 42 8 30000
196 65 3 45000
142 48 5 15000
182 109 7 40000
162 62 3 100000
155 93 4 75000
156 107 6 50000
175 67 12 90000
174 119 2 25000
149 78 4 80000
152 128 4 65000
208 126 6 45000
199 67 7 40000
196 65 10 15000
196 115 11 30000
217 45 5 0
179 97 9 35000
165 80 9 95000
190 39 5 50000
174 91 5 85000
163 83 6 100000
189 127 10 70000
148 61 2 40000
141 107 2 90000
177 50 12 5000
140 105 12 0
215 62 4 10000
173 61 6 5000
143 118 10 50000
151 98 2 50000
179 108 7 30000
179 101 2 5000
189 107 3 35000
162 39 10 30000
181 87 10 60000
176 46 3 5000
194 52 10 50000
147 65 11 35000
184 54 8 75000
178 43 9 65000
188 45 9 25000
175 68 3 35000
163 36 11 20000
179 65 11 85000
170 58 5 70000
187 100 3 80000
161 80 1 20000
178 45 5 95000
142 92 5 75000
143 68 4 90000
166 51 2 55000
159 60 10 20000
143 35 9 20000
167 108 12 70000
183 38 8 60000
149 32 5 70000
160 73 10 90000
140 57 7 70000
166 34 8 85000
179 74 1 65000
163 32 8 45000
189 67 11 95000
195 96 10 80000
163 34 1 80000
193 98 10 25000
177 46 8 0
193 33 4 35000
182 85 6 100000
175 35 8 5000
146 36 11 100000
142 65 3 35000
176 58 11 10000
148 86 7 75000
186 30 9 70000
142 54 3 75000
191 41 12 20000
162 35 5 95000
170 51 12 25000
172 100 1 30000
179 74 9 55000
153 52 5 65000
169 44 12 95000
156 88 3 90000
142 99 12 95000
149 48 1 65000
167 76 11 90000
160 36 2 95000
161 106 10 55000
145 47 10 45000
185 107 5 25000
195 37 10 10000
171 72 8 90000
182 38 2 70000
191 99 11 35000
147 41 9 45000
165 110 3 85000
143 80 5 5000
166 39 10 65000
179 41 4 5000
155 55 11 50000
169 49 11 45000
166 53 12 10000
173 64 3 55000
193 52 3 45000
188 100 7 60000
190 30 9 60000
153 69 11 0
163 90 2 30000
174 106 1 75000
172 75 7 70000
187 90 11 15000
199 74 6 50000
148 58 5 80000
194 57 2 25000
179 34 1 35000
163 50 4 45000
171 33 6 0
177 85 11 85000
170 52 5 70000
165 38 8 40000
188 45 12 35000
196 46 7 80000
172 90 10 35000
155 38 9 55000
165 40 1 70000
178 71 12 55000
187 32 5 80000
169 72 6 20000
178 33 4 95000
166 32 10 65000
196 55 4 35000
148 38 1 95000
160 55 7 95000
185 104 2 95000
188 77 12 85000
187 63 3 50000
183 100 7 15000
163 53 2 45000
148 107 1 75000
157 88 9 30000
155 31 2 25000
199 70 10 85000
190 83 5 75000
154 37 8 55000
197 79 3 25000
170 79 12 85000
146 41 4 15000
162 34 8 15000
195 74 5 75000
162 68 11 50000
187 33 8 60000
162 108 11 90000
166 71 11 75000
168 53 2 10000
178 103 10 40000
158 97 7 70000
170 42 4 60000
166 44 2 10000
154 104 6 15000
176 39 10 0
175 87 8 50000
181 50 7 25000
192 67 10 10000
150 109 8 5000
157 65 12 75000
155 79 10 25000
170 49 2 10000
168 92 9 45000
152 52 5 55000
170 71 12 100000
170 77 12 40000
141 74 5 75000
150 103 8 20000
143 58 3 65000
143 64 8 20000
180 90 7 90000
186 44 10 95000
163 52 3 45000
140 62 12 65000
190 80 6 30000
167 104 4 70000
187 49 1 95000
159 94 5 85000
191 32 11 0
196 48 7 35000
187 63 3 10000
147 101 3 25000
193 81 9 35000
183 95 1 60000
170 79 1 95000
153 76 12 45000
176 93 8 60000
191 85 1 25000
164 63 4 0
152 102 4 35000
189 64 8 25000
158 47 10 55000
142 37 6 80000
141 90 9 45000
177 53 3 40000
142 43 7 60000
176 99 3 15000
191 49 12 30000
166 84 6 40000
158 48 7 45000
141 94 12 50000
188 103 1 25000
171 103 6 40000
162 41 2 50000
150 73 11 55000
144 80 5 35000
166 73 4 40000
147 90 12 90000
156 81 8 75000
154 56 11 75000
172 89 1 90000
165 34 12 40000
145 99 8 65000
151 31 9 50000
168 108 1 20000
162 85 10 35000
155 72 5 5000
145 57 3 25000
198 66 10 90000
183 83 11 65000
143 95 11 5000
157 108 12 100000
196 64 1 45000
169 87 4 20000
173 77 7 90000
184 33 9 70000
143 63 3 45000
161 41 11 35000
149 63 2 90000
189 31 3 5000
164 48 5 10000
184 44 10 40000
167 64 12 30000
174 43 11 80000
174 66 12 50000
182 85 1 65000
186 79 10 30000
176 55 2 100000
154 30 3 70000
182 59 10 35000
183 48 2 20000
157 34 10 90000
154 76 5 15000
158 44 10 5000
162 46 8 60000
173 72 4 45000
141 54 4 15000
142 44 6 75000
185 54 6 15000
174 42 4 65000
153 78 2 90000
147 41 4 100000
172 32 12 85000
183 42 4 70000
174 66 2 70000
175 85 11 5000
180 53 7 100000
145 83 8 10000
140 82 10 65000
162 69 2 55000
182 39 9 80000
165 78 3 5000
170 54 2 50000
168 73 1 10000
169 42 6 85000
174 38 7 95000
161 46 5 100000
172 38 1 85000
156 43 4 80000
140 44 4 70000
148 30 7 35000
177 37 3 15000
154 85 3 95000
173 38 9 25000
180 71 8 25000
186 76 12 10000
156 50 8 35000
167 83 8 75000
172 73 3 55000
186 83 2 45000
160 84 1 60000
167 77 9 75000
160 68 7 65000
170 62 4 85000
144 90 6 50000
160 90 2 55000
154 64 10 45000
143 48 9 40000
155 58 5 50000
190 34 12 40000
189 57 5 35000
176 57 5 40000
176 38 2 10000
172 89 11 65000
179 87 1 75000
182 41 9 0
186 36 2 70000
186 55 5 75000
173 53 11 0
142 53 2 40000
183 87 11 85000
164 38 7 10000
180 52 4 65000
143 41 5 10000
141 81 9 60000
184 84 9 80000
171 69 1 5000
167 30 4 65000
165 84 9 65000
158 65 1 25000
162 48 10 95000
181 48 2 45000
187 77 5 5000
149 77 3 5000
187 61 6 0
156 34 10 5000
175 52 1 80000
188 49 5 0
152 37 8 60000
181 84 4 35000
184 42 3 100000
156 69 12 80000
145 73 2 45000
179 38 5 0
185 74 7 45000
168 48 12 80000
178 77 1 20000
168 81 6 100000
167 75 6 55000
165 30 4 95000
147 52 10 10000
188 79 4 55000
141 70 6 65000
152 54 10 15000
161 74 10 20000
176 41 9 35000
168 63 7 10000
146 36 10 85000
140 35 10 100000
171 50 12 75000
161 77 3 65000
154 36 3 35000
173 66 11 80000
145 70 12 90000
167 36 6 40000
153 40 10 90000
168 73 9 80000
151 41 1 40000
188 69 5 35000
170 60 9 50000
157 61 7 60000
156 53 8 100000
140 44 6 50000
178 37 9 80000
174 33 4 100000
163 57 2 80000
157 52 1 95000
184 86 3 50000
180 51 2 70000
147 54 12 5000
164 50 4 50000
171 32 11 85000
146 47 6 60000
176 40 3 5000
183 53 3 80000
162 69 11 85000
180 87 10 35000
141 82 5 80000
160 34 7 65000
167 35 7 35000
150 46 12 35000
141 57 1 25000
146 69 2 35000
160 53 2 70000
143 69 12 80000
149 73 10 55000
149 61 8 15000
161 83 2 15000
144 81 6 100000
150 53 4 70000
157 71 3 95000
164 48 3 55000
182 40 10 80000
163 88 4 45000
149 43 10 30000
187 33 8 5000
187 76 11 40000
175 65 7 50000
143 86 9 85000
175 67 2 40000
148 86 8 15000
163 43 7 15000
177 49 6 80000
158 68 12 25000
184 75 12 85000
177 79 3 40000
182 65 8 50000
175 50 1 10000
149 58 2 25000
188 53 2 40000
168 82 8 5000
152 78 2 35000
189 43 4 20000
173 86 12 30000
172 50 6 50000
158 54 5 80000
163 85 7 0
162 88 6 20000
161 69 3 55000
154 32 7 55000
152 87 4 25000
170 43 9 0
187 35 5 55000
153 32 5 95000
162 50 7 15000
146 49 2 60000
188 40 12 100000
188 78 3 35000
173 83 11 25000
157 54 6 95000
170 42 1 30000
175 71 11 75000
171 84 7 40000
184 31 11 100000
181 63 2 40000
184 54 5 30000
147 79 10 15000
183 56 8 100000
146 48 9 25000
173 51 7 75000
148 58 6 85000
160 50 5 80000
141 37 5 35000
161 50 10 80000
155 37 10 5000
159 39 10 70000
143 63 4 50000
143 53 4 50000
162 63 3 80000
141 31 6 15000
179 44 11 5000
164 40 8 70000
142 51 7 50000
169 51 9 15000
175 51 7 50000
158 38 11 70000
174 36 3 5000
146 60 1 100000
155 50 1 85000
176 31 4 100000
170 36 2 5000
177 34 11 100000
179 59 10 85000
165 42 6 65000
163 54 12 80000
179 38 8 90000
141 47 7 75000
179 57 5 25000
146 35 4 60000
145 65 1 10000
176 57 5 90000
161 38 10 90000
164 39 11 65000
165 48 6 85000
178 31 5 45000
171 49 7 90000
165 47 7 10000
163 68 9 15000
142 65 8 15000
170 37 4 15000
152 32 8 95000
165 35 3 30000
173 40 7 65000
144 45 6 35000
165 47 12 40000
155 37 1 95000
172 35 11 25000
172 58 10 5000
149 42 8 30000
157 49 3 60000
163 44 5 95000
141 48 10 75000
141 42 12 85000
180 42 3 70000
164 59 6 65000
157 35 10 40000
154 45 1 35000
160 33 10 45000
144 55 11 90000
144 46 11 75000
176 43 5 100000
175 41 5 20000
171 62 1 55000
174 45 10 35000
149 64 5 70000
175 41 12 50000
153 30 2 40000
154 38 5 60000
172 33 9 90000
148 62 9 60000
163 68 9 40000
180 68 12 45000
145 53 11 10000
160 42 9 95000
175 38 4 40000
148 61 8 10000
155 37 3 80000
148 36 1 65000
147 33 12 65000
172 63 3 85000
146 70 6 85000
148 63 10 5000
170 61 6 60000
178 45 5 75000
162 66 2 30000
140 37 4 80000
144 44 12 25000
155 49 3 20000
154 33 4 100000
145 52 5 45000
154 32 9 60000
169 58 10 85000
144 47 4 25000
140 45 2 55000
150 33 3 40000
165 42 12 30000
145 37 8 30000
180 59 7 85000
159 61 3 70000
160 30 12 10000
178 39 12 20000
140 56 7 5000
141 33 11 100000
146 43 1 10000
169 48 6 55000
144 39 9 45000
173 57 10 75000
157 48 8 0
161 47 6 95000
157 67 7 30000
144 40 10 5000
150 56 4 80000
168 63 2 10000
169 50 5 35000
147 62 1 35000
174 59 8 45000
155 31 2 60000
149 47 10 40000
160 36 6 80000
161 47 8 10000
164 53 4 0
153 58 1 75000
172 31 12 95000
165 41 10 70000
142 34 12 80000
161 53 4 45000
146 39 6 15000
168 43 2 85000
163 44 8 25000
177 38 11 90000
163 45 2 75000
174 60 9 40000
159 62 12 10000
150 39 1 20000
151 39 6 0
163 49 4 45000
176 63 10 40000
144 64 1 80000
169 34 5 75000
162 38 12 70000
154 51 6 10000
160 43 1 80000
180 59 6 60000
151 58 11 50000
150 36 2 80000
175 45 2 15000
144 43 12 20000
163 69 5 50000
167 55 6 45000
143 50 4 10000
172 53 2 30000
168 39 11 50000
153 70 8 55000
153 40 6 70000
176 40 7 30000
175 39 11 60000
180 47 1 50000
153 62 3 65000
146 43 2 100000
153 50 9 55000
169 48 8 65000
142 65 8 90000
167 62 2 65000
157 36 2 50000
141 64 1 10000
163 38 8 65000
163 56 2 95000
149 56 7 85000
142 50 11 40000
169 43 6 65000
171 64 1 95000
149 55 10 60000
174 43 7 50000
141 35 1 25000
167 69 6 0
148 31 7 75000
169 55 11 45000
164 37 3 85000
161 49 5 100000
178 37 7 60000
170 51 8 100000
150 51 4 85000
149 67 2 55000
178 48 3 65000
180 37 10 15000
170 66 11 70000
158 38 4 55000
160 64 5 100000
145 51 2 90000
155 69 11 70000
142 41 11 85000
145 33 5 95000
168 35 6 60000
156 45 11 25000
172 30 3 75000
153 32 4 65000
158 39 7 50000
147 48 8 75000
